Webots Project File version R2021b
perspectives: 000000ff00000000fd00000002000000010000022e00000368fc0200000001fb0000001400540065007800740045006400690074006f0072010000001600000368000000a200ffffff00000003000007380000005efc0100000001fb0000001a0043006f006e0073006f006c00650041006c006c0041006c006c0100000000000007380000005400ffffff000005040000036800000001000000020000000100000008fc00000000
simulationViewPerspectives: 000000ff000000010000000200000118000005130100000006010000000100
sceneTreePerspectives: 000000ff0000000100000002000000c0000000fc0100000006010000000200
maximizedDockId: -1
centralWidgetVisible: 1
orthographicViewHeight: 1
textFiles: 0 "controllers/referee_controller/referee_controller.py"
consoles: Console:All:All
renderingDevicePerspectives: blue_player_1:Camera;1;0.647917;0.0310073;0
renderingDevicePerspectives: red_player_1:Camera;1;0.603125;0;0
