Webots Project File version R2021b
perspectives: 000000ff00000000fd00000002000000010000011c000002edfc0200000001fb0000001400540065007800740045006400690074006f00720100000016000002ed0000003c00ffffff0000000300000738000000d9fc0100000001fb0000001a0043006f006e0073006f006c00650041006c006c0041006c006c0100000000000007380000005400ffffff00000616000002ed00000001000000020000000100000008fc00000000
simulationViewPerspectives: 000000ff0000000100000002000001180000051f0100000006010000000100
sceneTreePerspectives: 000000ff0000000100000002000000c0000000fc0100000006010000000200
maximizedDockId: -1
centralWidgetVisible: 1
orthographicViewHeight: 1
textFiles: -1
consoles: Console:All:All
renderingDevicePerspectives: red_player_1:Camera;1;0.527083;0.733229;0
